FIPS
04013
08005
08013
08014
08015
08017
08019
08031
08035
08037
08039
08041
08045
08047
08049
08051
08053
08057
08059
08061
08067
08069
08079
08091
08097
08107
08113
08117
08119
16001
16013
16047
16055
16081
16085
19001
19003
19009
19011
19027
19031
19033
19035
19037
19043
19049
19059
19061
19075
19077
19083
19089
19093
19103
19109
19113
19119
19125
19129
19131
19141
19149
19153
19161
19163
19165
19167
19181
19183
19197
20017
20023
20039
20047
20063
20065
20069
20071
20075
20077
20081
20083
20089
20091
20093
20101
20109
20113
20119
20121
20123
20131
20135
20141
20147
20149
20153
20165
20171
20179
20183
20187
20195
20203
27011
27015
27019
27031
27037
27041
27049
27053
27055
27069
27073
27077
27079
27089
27101
27109
27113
27117
27121
27123
27125
27127
27139
27151
27155
27163
27167
27171
27173
30009
30029
30031
30043
30051
30057
30063
30067
30073
30083
30095
30101
30111
31001
31003
31005
31007
31009
31011
31015
31017
31019
31023
31025
31027
31029
31031
31035
31039
31041
31053
31055
31057
31059
31061
31063
31065
31067
31073
31077
31081
31083
31085
31087
31089
31099
31103
31105
31107
31109
31111
31113
31115
31117
31119
31121
31123
31129
31133
31135
31137
31139
31143
31149
31153
31155
31159
31161
31163
31165
31167
31169
31171
31173
31175
31177
31181
31183
31185
35015
35028
35049
38003
38007
38009
38011
38013
38015
38017
38019
38021
38023
38025
38027
38029
38031
38039
38043
38045
38047
38049
38051
38053
38055
38057
38061
38063
38067
38069
38071
38073
38075
38077
38081
38083
38089
38091
38093
38095
38097
38099
38101
38103
38105
40007
40025
40045
40059
40073
40109
40143
40147
46013
46015
46021
46025
46029
46033
46035
46037
46039
46043
46045
46049
46051
46053
46055
46057
46059
46061
46065
46067
46069
46073
46075
46077
46079
46081
46083
46087
46089
46091
46097
46099
46101
46103
46107
46111
46115
46117
46119
46123
46125
46127
46129
46135
49019
49029
49035
49043
49051
55009
55021
55025
55029
55037
55045
55087
55089
55091
55109
55111
55117
55125
55127
55131
55133
56007
56009
56011
56017
56019
56021
56023
56025
56029
56033
56035
56037
56039